$ANSIBLE_VAULT;1.1;AES256
37633561316631366462303562333861373964646265373337656266366231303036343166366539
3231613362333137626534613732323538623230373664310a666164306663633965373466373736
61363732363661656265363837656230366439623636373733303134663030623837346461636166
3539323739353038340a623763643639343232343562363631386639383130353364613232636230
38333337323666353730646433393062373735336361366232656636633832386263313831373535
63383464613230393034326335386630373635393764323130303835313634333264616434363235
66343538343139343264646566336562386164353539623132383063376334633035653865386438
34373533373264386462373135333935393162326363383839666431356265326434353332336166
39613130636563616563303132663138333334363639643736633438646364326637306565656133
33356539623339343763396533356165636362346563306238666537616532633339326436643033
34646235316138316637306464666236396437636633313837383335373038613665346265316432
33316461643161653565313833393165663735616635636266663834383131313831343030376665
34353838663438626164323830396236656238396162386637353061313836623333663564366664
33663034346337336361326334636338623538356334366339383336616533383465383662313330
34393632643738373166373163666266383830346366383662363536386536646430356636366331
31353637303837363833333035623639346438656663306561386663643866373639366266353966
32353834303430393561646461666233306436643965643234303030613832616532343031333663
39393136303066326466626337336263613636313061663863326461613037313136613536613134
37396261643764326132393133663965613339353364666532343761626230313332653365623264
61643338613030393332303034363037383463353764386533646365316563346634353164353430
35393063303265393534653530313530383231623739306133353163616436356264323232313338
33356635663335623736613136663766323338613937663366653238613536663530356637306630
34343733376265643362336238646635383038373937373839653963313830663833326166663132
37373236396363306131353535336263643362613762653232313165656238333731343331663862
63643263313164336532373737656637346231633762636361383833313864323538
